t # 0
v 0 0
v 1 1
v 2 10
v 3 14
v 4 21
v 5 27
v 6 28
v 7 29
v 8 30
v 9 31
e 3 7 1
e 4 8 1
e 4 7 1
e 5 7 1
e 5 9 1
e 6 7 1
e 6 8 1
e 6 9 1
e 7 0 0
e 8 0 0
e 8 6 1
e 8 4 1
e 9 0 2
e 9 1 3
e 9 2 3
t # 1
v 0 0
v 1 2
v 2 12
v 3 21
v 4 27
v 5 28
v 6 29
v 7 30
v 8 31
e 3 6 1
e 4 6 1
e 4 8 1
e 5 6 1
e 5 8 1
e 5 7 1
e 6 0 0
e 7 0 0
e 7 5 1
e 8 0 2
e 8 2 3
e 8 1 3
t # 2
v 0 0
v 1 15
v 2 22
v 3 24
v 4 29
v 5 30
v 6 31
e 1 4 1
e 1 6 1
e 1 5 1
e 2 4 1
e 2 5 1
e 3 4 1
e 3 6 1
e 3 5 1
e 4 0 0
e 5 0 0
e 5 2 1
e 5 3 1
e 5 1 1
e 6 0 3
t # 3
v 0 0
v 1 1
v 2 6
v 3 7
v 4 13
v 5 18
v 6 19
v 7 25
v 8 26
v 9 29
v 10 30
v 11 31
e 4 10 1
e 4 9 1
e 5 11 1
e 5 9 1
e 6 9 1
e 6 10 1
e 7 9 1
e 7 11 1
e 8 9 1
e 8 11 1
e 9 0 0
e 10 0 0
e 10 4 1
e 10 6 1
e 11 0 2
e 11 1 3
e 11 3 3
e 11 2 3
t # 4
v 0 0
v 1 7
v 2 16
v 3 17
v 4 21
v 5 23
v 6 29
v 7 30
v 8 31
e 2 6 1
e 2 7 1
e 3 6 1
e 3 7 1
e 4 6 1
e 4 8 1
e 5 6 1
e 6 0 0
e 7 0 0
e 7 2 1
e 7 3 1
e 8 0 2
e 8 1 3
t # 5
v 0 0
v 1 4
v 2 8
v 3 13
v 4 18
v 5 19
v 6 25
v 7 26
v 8 29
v 9 30
v 10 31
e 3 8 1
e 3 9 1
e 4 10 1
e 4 8 1
e 5 8 1
e 6 10 1
e 6 8 1
e 7 8 1
e 8 0 0
e 9 0 0
e 9 3 1
e 10 0 2
e 10 1 3
e 10 2 3
t # 6
v 0 0
v 1 9
v 2 13
v 3 18
v 4 19
v 5 25
v 6 29
v 7 30
v 8 31
e 2 6 1
e 3 7 1
e 3 6 1
e 4 8 1
e 4 6 1
e 4 7 1
e 5 6 1
e 5 7 1
e 6 0 0
e 7 0 0
e 7 5 1
e 7 3 1
e 7 4 1
e 8 0 2
e 8 1 3
t # 7
v 0 0
v 1 4
v 2 5
v 3 27
v 4 28
v 5 29
v 6 30
v 7 31
e 3 6 1
e 3 5 1
e 3 7 1
e 4 5 1
e 4 7 1
e 4 6 1
e 5 0 0
e 6 0 0
e 6 3 1
e 6 4 1
e 7 0 2
e 7 2 3
e 7 1 3
t # 8
v 0 0
v 1 7
v 2 10
v 3 15
v 4 20
v 5 22
v 6 24
v 7 29
v 8 30
v 9 31
e 3 7 1
e 3 9 1
e 4 7 1
e 5 7 1
e 5 8 1
e 6 7 1
e 6 9 1
e 7 0 0
e 8 0 0
e 8 5 1
e 9 0 2
e 9 1 3
e 9 2 3
t # 9
v 0 0
v 1 3
v 2 11
v 3 12
v 4 16
v 5 17
v 6 21
v 7 29
v 8 30
v 9 31
e 4 9 1
e 4 7 1
e 5 7 1
e 5 9 1
e 5 8 1
e 6 9 1
e 6 8 1
e 6 7 1
e 7 0 0
e 8 0 0
e 8 6 1
e 8 5 1
e 9 0 2
e 9 3 3
e 9 1 3
e 9 2 3
t # -1